45000000
36888889
37444444
44555556
52222222
49666667
41555556
44666667
44000000
43000000
52111111
39000000
39444444
40777778
35777778
36000000
53666667
51000000
41666667
46666667
43000000
48333333
45000000
18666667
38000000
48555556
47666667
58777778
36666667
33333333
45000000
54888889
45666667
50888889
28888889
45666667
43222222
51666667
44444444
32888889
42444444
49666667
47888889
43666667
49000000
31222222
38333333
48111111
39555556
44000000
29666667
34555556
47888889
25611111
44777778
50000000
35222222
41777778
47111111
33777778
34333333
48444444
39888889
44555556
41000000
43444444
37333333
48444444
48111111
45222222
29777778
46222222
33222222
44777778
56111111
33666667
40888889
44888889
49888889
45222222
38222222
47000000
57555556
37666667
38666667
39777778
35555556
48222222
46222222
47444444
47333333
31777778
36777778
49888889
49444444
41444444
52222222
42777778
55777778
44777778
